16.00000000 16.00000000 16.00000000 16.00000000 16.00000000 16.00000000 16.00000000 16.00000000 16.00000000 16.00000000 16.00000000 16.00000000 16.00000000 16.00000000 16.00000000 16.00000000 16.00000000 16.00000000 16.00000000 16.00000000 16.00000000 16.00000000 16.00000000 16.00000000 16.00000000 
16.00000000 16.00000000 16.00000000 16.00000000 16.00000000 16.00000000 16.00000000 16.00000000 16.00000000 16.00000000 16.00000000 16.00000000 16.00000000 16.00000000 16.00000000 16.00000000 16.00000000 16.00000000 16.00000000 16.00000000 16.00000000 16.00000000 16.00000000 16.00000000 16.00000000 
16.00000000 16.00000000 16.00000000 16.00000000 16.00000000 16.00000000 16.00000000 16.00000000 16.00000000 16.00000000 16.00000000 16.00000000 16.00000000 16.00000000 16.00000000 16.00000000 16.00000000 16.00000000 16.00000000 16.00000000 16.00000000 16.00000000 16.00000000 16.00000000 16.00000000 
16.00000000 16.00000000 16.00000000 16.00000000 16.00000000 16.00000000 16.00000000 16.00000000 16.00000000 16.00000000 16.00000000 16.00000000 16.00000000 16.00000000 16.00000000 16.00000000 16.00000000 16.00000000 16.00000000 16.00000000 16.00000000 16.00000000 16.00000000 16.00000000 16.00000000 
43.00000000 43.00000000 43.00000000 43.00000000 43.00000000 43.00000000 43.00000000 43.00000000 43.00000000 43.00000000 43.00000000 43.00000000 43.00000000 43.00000000 43.00000000 43.00000000 43.00000000 43.00000000 43.00000000 43.00000000 43.00000000 43.00000000 43.00000000 43.00000000 43.00000000 
43.00000000 43.00000000 43.00000000 43.00000000 43.00000000 43.00000000 43.00000000 43.00000000 43.00000000 43.00000000 43.00000000 43.00000000 43.00000000 43.00000000 43.00000000 43.00000000 43.00000000 43.00000000 43.00000000 43.00000000 43.00000000 43.00000000 43.00000000 43.00000000 43.00000000 
54.00000000 54.00000000 54.00000000 54.00000000 54.00000000 54.00000000 54.00000000 54.00000000 54.00000000 54.00000000 54.00000000 54.00000000 54.00000000 54.00000000 54.00000000 54.00000000 54.00000000 54.00000000 54.00000000 54.00000000 54.00000000 54.00000000 54.00000000 54.00000000 54.00000000 
54.00000000 54.00000000 54.00000000 54.00000000 54.00000000 54.00000000 54.00000000 54.00000000 54.00000000 54.00000000 54.00000000 54.00000000 54.00000000 54.00000000 54.00000000 54.00000000 54.00000000 54.00000000 54.00000000 54.00000000 54.00000000 54.00000000 54.00000000 54.00000000 54.00000000 
65.00000000 65.00000000 65.00000000 65.00000000 65.00000000 65.00000000 65.00000000 65.00000000 65.00000000 65.00000000 65.00000000 65.00000000 65.00000000 65.00000000 65.00000000 65.00000000 65.00000000 65.00000000 65.00000000 65.00000000 65.00000000 65.00000000 65.00000000 65.00000000 65.00000000 
65.00000000 65.00000000 65.00000000 65.00000000 65.00000000 65.00000000 65.00000000 65.00000000 65.00000000 65.00000000 65.00000000 65.00000000 65.00000000 65.00000000 65.00000000 65.00000000 65.00000000 65.00000000 65.00000000 65.00000000 65.00000000 65.00000000 65.00000000 65.00000000 65.00000000 
57.00000000 57.00000000 57.00000000 57.00000000 57.00000000 57.00000000 57.00000000 57.00000000 57.00000000 57.00000000 57.00000000 57.00000000 57.00000000 57.00000000 57.00000000 57.00000000 57.00000000 57.00000000 57.00000000 57.00000000 57.00000000 57.00000000 57.00000000 57.00000000 57.00000000 
57.00000000 57.00000000 57.00000000 57.00000000 57.00000000 57.00000000 57.00000000 57.00000000 57.00000000 57.00000000 57.00000000 57.00000000 57.00000000 57.00000000 57.00000000 57.00000000 57.00000000 57.00000000 57.00000000 57.00000000 57.00000000 57.00000000 57.00000000 57.00000000 57.00000000 
55.00000000 55.00000000 55.00000000 55.00000000 55.00000000 55.00000000 55.00000000 55.00000000 55.00000000 55.00000000 55.00000000 55.00000000 55.00000000 55.00000000 55.00000000 55.00000000 55.00000000 55.00000000 55.00000000 55.00000000 55.00000000 55.00000000 55.00000000 55.00000000 55.00000000 
55.00000000 55.00000000 55.00000000 55.00000000 55.00000000 55.00000000 55.00000000 55.00000000 55.00000000 55.00000000 55.00000000 55.00000000 55.00000000 55.00000000 55.00000000 55.00000000 55.00000000 55.00000000 55.00000000 55.00000000 55.00000000 55.00000000 55.00000000 55.00000000 55.00000000 
50.00000000 50.00000000 50.00000000 50.00000000 50.00000000 50.00000000 50.00000000 50.00000000 50.00000000 50.00000000 50.00000000 50.00000000 50.00000000 50.00000000 50.00000000 50.00000000 50.00000000 50.00000000 50.00000000 50.00000000 50.00000000 50.00000000 50.00000000 50.00000000 50.00000000 
50.00000000 50.00000000 50.00000000 50.00000000 50.00000000 50.00000000 50.00000000 50.00000000 50.00000000 50.00000000 50.00000000 50.00000000 50.00000000 50.00000000 50.00000000 50.00000000 50.00000000 50.00000000 50.00000000 50.00000000 50.00000000 50.00000000 50.00000000 50.00000000 50.00000000 
50.00000000 50.00000000 50.00000000 50.00000000 50.00000000 50.00000000 50.00000000 50.00000000 50.00000000 50.00000000 50.00000000 50.00000000 50.00000000 50.00000000 50.00000000 50.00000000 50.00000000 50.00000000 50.00000000 50.00000000 50.00000000 50.00000000 50.00000000 50.00000000 50.00000000 
50.00000000 50.00000000 50.00000000 50.00000000 50.00000000 50.00000000 50.00000000 50.00000000 50.00000000 50.00000000 50.00000000 50.00000000 50.00000000 50.00000000 50.00000000 50.00000000 50.00000000 50.00000000 50.00000000 50.00000000 50.00000000 50.00000000 50.00000000 50.00000000 50.00000000 
